Tooth Coords
1) Upper
18 - 88 61
17 - 116 65
16 - 148 62
15 - 181 61
14 - 205 63
13 - 230 52
12 - 259 65
11 - 282 56
21 - 311 56
22 - 339 65
23 - 364 52
24 - 392 63
25 - 416 61
26 - 439 62
27 - 473 65
28 - 507 61
2) Down
48 - 84 219
47 - 112 224
46 - 146 229
45 - 180 232
44 - 209 232
43 - 236 228
42 - 262 235
41 - 287 233
31 - 309 233
32 - 332 235
33 - 356 228
34 - 382 232
35 - 409 232
36 - 438 229
37 - 473 224
38 - 504 219

Teeth Size
1) Upper
18 - 24 60
17 - 31 63
16 - 32 72
15 - 20 73
14 - 21 72
13 - 22 91
12 - 19 74
11 - 24 84
2) Down
48 - 30 58
47 - 32 65
46 - 34 65
45 - 27 75
44 - 26 77
43 - 25 89
42 - 23 80
41 - 22 80